0001.png, 1, 1  140 , 698  720
0002.png, 1, 1  144 , 704  720
0003.png, 1, 8  148
0004.png, 1, 18  152
0005.png, 1, 32  158
0006.png, 1, 1  164 , 688  720
0007.png, 1, 1  168 , 706  720
0008.png, 1, 1  170 , 700  720
0009.png, 1, 1  176 , 700  720
0010.png, 1, 1  182 , 706  720
0011.png, 1, 1  180 , 700  720
0012.png, 1, 1  184 , 704  720
0013.png, 1, 1  186 , 706  720
0014.png, 1, 1  190 , 714  720
0015.png, 1, 1  198 , 586  720
0016.png, 1, 1  202 , 576  720
0017.png, 1, 1  202 , 582  720
0018.png, 1, 1  200 , 582  720
0019.png, 1, 1  196 , 588  720
0020.png, 1, 1  192 , 606  720
0021.png, 1, 1  194 , 604  720
0022.png, 1, 1  202 , 604  720
0023.png, 1, 1  208 , 596  720
0024.png, 1, 1  212 , 604  720
0025.png, 1, 34  230
0026.png, 1, 32  220
0027.png, 1, 222  576
0028.png, 1, 212  574
0029.png, 1, 218  574
0030.png, 1, 226  570
0031.png, 1, 232  574
0032.png, 1, 1  176 , 436  720
0033.png, 1, 1  178 , 714  720
0034.png, 1, 1  184 , 686  720
0035.png, 1, 1  182 , 666  720
0036.png, 1, 1  194 , 478  720
0037.png, 1, 1  200 , 482  720
0038.png, 1, 1  212 , 484  720
0039.png, 1, 1  220 , 468  720
0040.png, 1, 1  258 , 486  720
0041.png, 1, 1  254 , 484  720
0042.png, 1, 46  260
0043.png, 1, 66  262
0044.png, 1, 1  152 , 374  720
0045.png, 1, 1  144 , 492  720
0046.png, 1, 1  142 , 546  720
0047.png, 1, 1  124 , 552  720
0048.png, 1, 1  114 , 554  720
0049.png, 1, 1  106 , 554  720
0050.png, 1, 1  108 , 552  720
0051.png, 1, 274  462, 1  154 , 674  720
0052.png, 1, 264  460, 1  156 , 666  720
0053.png, 1, 1  294 , 710  720
0054.png, 1, 1  296 , 706  720
0055.png, 1, 1  300 , 706  720
0056.png, 1, 1  308 , 708  720
0057.png, 1, 1  312 , 706  720
0058.png, 1, 1  270 , 638  720
0059.png, 1, 1  264 , 640  720
0060.png, 1, 1  266 , 640  720
0061.png, 1, 1  260 , 642  720
0062.png, 1, 1  262 , 614  720
0063.png, 1, 1  258 , 618  720
0064.png, 1, 1  258 , 642  720
0065.png, 1, 1  258 , 638  720
0066.png, 1, 1  258 , 630  720
0067.png, 1, 1  258 , 624  720
0068.png, 1, 1  264 , 634  720
0069.png, 1, 1  262 , 602  720
0070.png, 1, 1  212 , 626  720
0071.png, 1, 22  338
0072.png, 1, 12  342
0073.png, 1, 22  346
0074.png, 1, 130  368
0075.png, 1, 1  190 , 646  720
0076.png, 1, 180  650
0077.png, 1, 1  188 , 706  720
0078.png, 1, 1  218 , 664  720
0079.png, 1, 1  238 , 684  720
0080.png, 1, 44  226
0081.png, 1, 1  154 , 698  720, 384  618
0082.png, 1, 1  330 , 672  720
0083.png, 1, 1  326 , 670  720
0084.png, 1, 6  490
0085.png, 1, 1  52 , 518  720
0086.png, 1, 1  52 , 436  720
0087.png, 1, 1  56 , 432  720
0088.png, 1, 420  714
0089.png, 1, 438  716
0090.png, 1, 404  698
0091.png, 1, 308  508
0092.png, 1, 298  496
0093.png, 1, 302  514
0094.png, 1, 484  664
0095.png, 1, 476  660
0096.png, 1, 1  246 , 702  720
0097.png, 1, 1  272 , 704  720
0098.png, 1, 1  278 , 696  720
0099.png, 1, 1  282 , 690  720
0100.png, 1, 1  272 , 690  720
0101.png, 1, 1  328 , 690  720
0102.png, 1, 1  330 , 674  720
0103.png, 1, 1  330 , 674  720
0104.png, 1, 1  202 , 660  720
0105.png, 1, 1  136 , 676  720
0106.png, 1, 348  594
0107.png, 1, 350  612
0108.png, 1, 352  604
0109.png, 1, 366  618
0110.png, 1, 364  636
0111.png, 1, 362  632
0112.png, 1, 1  226 , 646  720
0113.png, 1, 1  230 , 640  720
0114.png, 1, 1  238 , 640  720
0115.png, 1, 1  232 , 642  720
0116.png, 1, 1  230 , 642  720
0117.png, 1, 1  222 , 640  720
0118.png, 1, 1  170 , 636  720
0119.png, 1, 1  206 , 632  720
0120.png, 1, 1  210 , 618  720
0121.png, 1, 1  206 , 638  720
0122.png, 1, 1  198 , 594  720
0123.png, 1, 1  190 , 596  720
0124.png, 1, 1  156 , 484  720
0125.png, 1, 320  516, 98  244
0126.png, 1, 318  488
0127.png, 1, 346  550
0128.png, 1, 1  126 , 678  720
0129.png, 1, 1  136 , 666  720
0130.png, 1, 1  112 , 662  720
0131.png, 1, 1  112 , 652  720
0132.png, 1, 1  126 , 662  720
0133.png, 1, 1  204 , 672  720
0134.png, 1, 70  216, 1  12 , 668  720
0135.png, 1, 1  124 , 660  720
0136.png, 1, 20  206
0137.png, 1, 1  238 , 548  720
0138.png, 1, 1  258 , 550  720
0139.png, 1, 1  250 , 552  720
0140.png, 1, 1  240 , 550  720
0141.png, 1, 1  260 , 566  720
0142.png, 1, 1  248 , 568  720
0143.png, 1, 1  246 , 574  720
0144.png, 1, 1  250 , 572  720
0145.png, 1, 1  322 , 578  720
0146.png, 1, 1  244 , 586  720
0147.png, 1, 1  190 , 596  720
0148.png, 1, 1  138 , 630  720
0149.png, 1, 106  336
0150.png, 1, 122  310
0151.png, 1, 220  496
0152.png, 1, 220  498
0153.png, 1, 1  236 , 690  720
0154.png, 1, 1  144 , 682  720
0155.png, 1, 1  198 , 670  720
0156.png, 1, 1  218 , 664  720
0157.png, 1, 1  190 , 662  720
0158.png, 1, 1  128 , 656  720
0159.png, 1, 1  120 , 652  720
0160.png, 1, 1  116 , 648  720
0161.png, 1, 1  110 , 648  720
0162.png, 1, 1  102 , 682  720
0163.png, 1, 1  100 , 672  720
0164.png, 1, 1  300 , 672  720
0165.png, 1, 1  242 , 676  720
0166.png, 1, 1  124 , 652  720
0167.png, 1, 1  136 , 656  720
0168.png, 1, 1  96 , 654  720
0169.png, 1, 1  116 , 666  720
0170.png, 1, 284  386, 1  150 , 520  720
0171.png, 1, 1  234 , 544  720
0172.png, 1, 1  202 , 666  720
0173.png, 1, 1  220 , 682  720
0174.png, 1, 1  224 , 622  720
0175.png, 1, 38  228
0176.png, 1, 40  232
0177.png, 1, 54  230
0178.png, 1, 1  446 , 648  720
0179.png, 1, 1  450 , 646  720
0180.png, 1, 1  134 , 636  720
0181.png, 1, 1  138 , 632  720
0182.png, 1, 1  134 , 632  720
0183.png, 1, 1  142 , 632  720
0184.png, 1, 1  60 , 630  720, 422  498
0185.png, 1, 1  64 , 634  720, 422  504
0186.png, 1, 1  50 , 630  720, 426  514
0187.png, 1, 1  18 , 626  720, 372  510
0188.png, 1, 310  518, 1  8 , 620  720
0189.png, 1, 308  530, 608  720
0190.png, 1, 326  540, 1  56 , 604  720
0191.png, 1, 266  540, 1  62 , 592  720
0192.png, 1, 1  542 , 586  720
0193.png, 1, 236  560, 1  64 , 580  720
0194.png, 1, 1  68 , 256  720
0195.png, 1, 1  72 , 262  720
0196.png, 1, 1  70 , 282  720
0197.png, 1, 1  76 , 142  720
0198.png, 1, 1  66 , 140  720
0199.png, 1, 1  70 , 142  720
0200.png, 1, 1  78 , 138  720
0201.png, 1, 1  74 , 140  720
0202.png, 1, 1  72 , 148  720
0203.png, 1, 1  78 , 144  720
0204.png, 1, 1  82 , 462  720
0205.png, 1, 1  94 , 152  720
0206.png, 1, 1  82 , 154  720
0207.png, 1, 1  132 , 578  720
0208.png, 1, 1  110 , 598  720
0209.png, 1, 1  184 , 598  720
0210.png, 1, 1  228 , 336  720
0211.png, 1, 228  336
0212.png, 1, 232  328
0213.png, 1, 232  328
0214.png, 1, 186  334
0215.png, 1, 186  332
0216.png, 1, 190  328
0217.png, 1, 188  336
0218.png, 1, 184  346
0219.png, 1, 1  186 , 446  720
0220.png, 1, 1  188 , 478  720
0221.png, 1, 1  194 , 490  720
0222.png, 1, 1  168 , 462  720
0223.png, 1, 1  164 , 492  720
0224.png, 1, 1  164 , 522  720
0225.png, 1, 1  64 , 524  720
0226.png, 1, 1  78 , 354  720
0227.png, 1, 1  178 , 354  720
0228.png, 1, 1  158 , 354  720
0229.png, 1, 1  146 , 358  720
0230.png, 1, 1  120 , 362  720
0231.png, 1, 1  190 , 362  720
0232.png, 1, 358  458, 1  190 , 600  720
0233.png, 1, 356  452, 1  186 , 598  720
0234.png, 1, 1  180 , 596  720
0235.png, 1, 1  178 , 590  720
0236.png, 1, 1  178 , 586  720
0237.png, 1, 1  174 , 576  720
0238.png, 1, 1  156 , 608  720
0239.png, 1, 1  156 , 572  720
0240.png, 1, 1  152 , 566  720
0241.png, 1, 1  152 , 558  720
0242.png, 1, 1  148 , 556  720
0243.png, 1, 1  148 , 548  720
0244.png, 1, 1  250 , 640  720
0245.png, 1, 1  262 , 612  720
0246.png, 1, 1  274 , 640  720
0247.png, 1, 1  268 , 608  720
0248.png, 1, 1  148 , 574  720
0249.png, 1, 1  142 , 554  720
0250.png, 1, 174  438
0251.png, 1, 228  444
0252.png, 1, 210  436
0253.png, 1, 174  438
0254.png, 1, 96  410
0255.png, 1, 146  402
0256.png, 1, 106  418
0257.png, 1, 1  258 , 658  720
0258.png, 1, 1  230 , 668  720
0259.png, 1, 82  456
0260.png, 1, 78  474
0261.png, 1, 76  454
0262.png, 1, 56  342
0263.png, 1, 284  536
0264.png, 1, 288  506
0265.png, 1, 218  482
0266.png, 1, 216  474
0267.png, 1, 1  284 , 366  720
0268.png, 1, 1  286 , 372  720
0269.png, 1, 1  282 , 382  720
0270.png, 1, 1  288 , 378  720
0271.png, 1, 1  292 , 376  720
0272.png, 1, 1  186 , 384  720
0273.png, 1, 58  334
0274.png, 1, 58  332
0275.png, 1, 68  326
0276.png, 1, 72  318
0277.png, 1, 78  314
0278.png, 1, 186  318, 572  720
0279.png, 1, 208  318, 570  668
0280.png, 1, 1  322 , 652  720
0281.png, 1, 1  314 , 634  720
0282.png, 1, 1  306 , 650  720
0283.png, 1, 1  308 , 654  720
0284.png, 1, 1  94 , 574  720
0285.png, 1, 1  116 , 500  720
0286.png, 1, 1  138 , 500  720
0287.png, 1, 1  108 , 472  720
0288.png, 1, 1  122 , 468  720
0289.png, 1, 1  144 , 624  720
0290.png, 1, 122  616
0291.png, 1, 1  94 , 620  720
0292.png, 1, 188  292, 1  86 , 590  720
0293.png, 1, 1  44 , 492  720
0294.png, 1, 1  30 , 492  720
0295.png, 1, 1  18 , 482  720
0296.png, 1, 1  4 , 494  720
0297.png, 1, 504  710
0298.png, 1, 500  698
0299.png, 1, 1  88 , 598  720
0300.png, 1, 148  310, 1  96 , 642  720
0301.png, 1, 1  256 , 530  720
0302.png, 1, 30  256
0303.png, 1, 348  550
0304.png, 1, 354  570
0305.png, 1, 354  572
0306.png, 1, 356  560
0307.png, 1, 42  336
0308.png, 1, 48  330
0309.png, 1, 292  682
0310.png, 1, 302  692
0311.png, 1, 324  694
0312.png, 1, 328  678
0313.png, 1, 1  158 , 604  720
0314.png, 1, 1  136 , 612  720
0315.png, 1, 1  6 , 526  720
0316.png, 1, 1  8 , 536  720
0317.png, 1, 1  18 , 536  720
0318.png, 1, 1  64 , 550  720
0319.png, 1, 1  34 , 572  720
0320.png, 1, 1  216 , 642  720
0321.png, 1, 1  138 , 570  720
0322.png, 1, 1  136 , 566  720
0323.png, 1, 1  142 , 550  720
0324.png, 1, 1  300 , 694  720
0325.png, 1, 12  312
0326.png, 1, 1  372 , 712  720
0327.png, 1, 1  388 , 624  720
0328.png, 1, 1  390 , 602  720
0329.png, 1, 1  186 , 610  720
0330.png, 1, 1  192 , 522  720
0331.png, 1, 1  390 , 602  720
0332.png, 1, 1  384 , 606  720
0333.png, 1, 1  328 , 602  720
0334.png, 1, 1  332 , 560  720
0335.png, 1, 1  332 , 586  720
0336.png, 1, 1  174 , 594  720
0337.png, 1, 34  418
0338.png, 1, 36  420
0339.png, 1, 36  436
0340.png, 1, 36  424
0341.png, 1, 36  424
0342.png, 1, 40  418
0343.png, 1, 46  432
0344.png, 1, 6  200
0345.png, 1, 2  188
0346.png, 1, 1  188 , 718  720
0347.png, 1, 1  246
0348.png, 1, 570  572
0349.png, 1, 14  586
0350.png, 1, 298  580
0351.png, 1, 330  580
0352.png, 1, 196  546
0353.png, 1, 174  540
0354.png, 1, 176  532
0355.png, 1, 180  516
0356.png, 1, 162  514
0357.png, 1, 22  420
0358.png, 1, 1  212 , 602  720
0359.png, 1, 1  136 , 586  720
0360.png, 1, 1  18 , 448  720
0361.png, 1, 48  436
0362.png, 1, 1  432 , 502  720
0363.png, 1, 432  494
0364.png, 1, 430  508
0365.png, 1, 30  338, 532  662
0366.png, 1, 68  318, 530  652
0367.png, 1, 78  310, 524  636
0368.png, 1, 30  120, 490  580
0369.png, 1, 1  612 , 670  720
0370.png, 1, 1  612 , 670  720
0371.png, 1, 1  134 , 304  720
0372.png, 1, 126  346
0373.png, 1, 1  52 , 486  720
0374.png, 1, 1  176 , 466  720
0375.png, 1, 1  124 , 466  720
0376.png, 1, 1  124 , 472  720
0377.png, 1, 1  276 , 656  720
0378.png, 1, 1  124 , 524  720
0379.png, 1, 1  126 , 582  720
0380.png, 1, 1  238 , 664  720
0381.png, 1, 1  222 , 658  720
0382.png, 1, 1  140 , 644  720
0383.png, 1, 1  88 , 598  720
0384.png, 1, 1  224 , 650  720
0385.png, 1, 1  140 , 638  720
0386.png, 1, 1  256 , 664  720
0387.png, 1, 1  184 , 682  720
0388.png, 1, 1  216 , 680  720
0389.png, 1, 1  60 , 418  720
0390.png, 1, 1  218 , 692  720
0391.png, 1, 1  168 , 690  720
0392.png, 1, 1  186 , 542  720
0393.png, 1, 1  192 , 548  720
0394.png, 1, 1  256 , 518  720
0395.png, 1, 1  256 , 572  720
0396.png, 1, 1  242 , 690  720
0397.png, 1, 62  488
0398.png, 1, 70  500
0399.png, 1, 82  512
0400.png, 1, 86  516
0401.png, 1, 108  518
0402.png, 1, 208  506
0403.png, 1, 78  216, 572  678
0404.png, 1, 1  224 , 568  720
0405.png, 1, 30  212
0406.png, 1, 200  644
0407.png, 1, 186  648
0408.png, 1, 1  190 , 700  720
0409.png, 1, 1  198 , 692  720
0410.png, 1, 20  228
0411.png, 1, 20  234
0412.png, 1, 18  268
0413.png, 1, 1  268 , 662  720
0414.png, 1, 1  276 , 490  720
0415.png, 1, 1  258 , 514  720
0416.png, 1, 1  260 , 504  720
0417.png, 1, 92  382
0418.png, 1, 84  368
0419.png, 1, 1  404 , 460  720
0420.png, 1, 1  392 , 440  720
0421.png, 1, 1  376 , 434  720
0422.png, 1, 1  364 , 420  720
0423.png, 1, 1  370 , 420  720
0424.png, 1, 1  68 , 422  720
0425.png, 1, 456  720
0426.png, 1, 420  636
0427.png, 1, 298  508
0428.png, 1, 244  512
0429.png, 1, 220  524
0430.png, 1, 216  528
0431.png, 1, 244  544
0432.png, 1, 262  560
0433.png, 1, 444  626
0434.png, 1, 434  630
0435.png, 1, 454  642
0436.png, 1, 420  660
0437.png, 1, 426  664
0438.png, 1, 374  682
0439.png, 1, 380  688
0440.png, 1, 368  686
0441.png, 1, 386  710
0442.png, 1, 1  166 , 586  720
0443.png, 1, 1  138 , 632  720, 272  380
0444.png, 1, 1  114 , 634  720
0445.png, 1, 1  128 , 640  720
0446.png, 1, 1  150 , 636  720
0447.png, 1, 1  104 , 490  720
0448.png, 1, 1  132 , 484  720
0449.png, 1, 1  154 , 652  720
0450.png, 1, 1  176 , 662  720
0451.png, 1, 1  182 , 688  720
0452.png, 1, 1  184 , 668  720
0453.png, 1, 1  304 , 674  720
0454.png, 1, 1  312 , 700  720
0455.png, 1, 42  308
0456.png, 1, 44  202, 336  406
0457.png, 1, 1  340 , 670  720
0458.png, 1, 1  340 , 670  720
0459.png, 1, 1  344 , 698  720
0460.png, 1, 1  330 , 654  720
0461.png, 1, 1  424 , 710  720
0462.png, 1, 488  674
0463.png, 1, 280  660
0464.png, 1, 278  646
0465.png, 1, 284  676
0466.png, 1, 284  678
0467.png, 1, 154  542
0468.png, 1, 1  152 , 536  720
0469.png, 1, 1  148 , 532  720
0470.png, 1, 1  142 , 540  720
0471.png, 1, 1  128 , 544  720
0472.png, 1, 16  286
0473.png, 1, 8  290
0474.png, 1, 1  296 , 716  720
0475.png, 1, 1  316 , 708  720
0476.png, 1, 1  302 , 710  720
0477.png, 1, 1  324 , 710  720
0478.png, 1, 40  312
0479.png, 1, 190  472
0480.png, 1, 1  140 , 548  720
0481.png, 1, 1  118 , 550  720
0482.png, 1, 1  26 , 468  720
0483.png, 1, 1  48 , 484  720
0484.png, 1, 1  38 , 382  720
0485.png, 1, 1  168 , 504  720
0486.png, 1, 1  170 , 510  720
0487.png, 1, 1  216 , 512  720
0488.png, 1, 1  188 , 564  720
0489.png, 1, 1  190 , 682  720
0490.png, 1, 1  158 , 692  720
0491.png, 1, 1  108 , 510  720
0492.png, 1, 1  110 , 504  720
0493.png, 1, 1  102 , 506  720
0494.png, 1, 114  356
0495.png, 1, 296  512
0496.png, 1, 190  436
0497.png, 1, 146  446
0498.png, 1, 1  156 , 686  720
0499.png, 1, 1  186 , 690  720, 356  504
0500.png, 1, 1  202 , 360  720
0501.png, 1, 1  100 , 252  720
0502.png, 1, 1  98 , 686  720, 250  454
0503.png, 1, 1  86 , 574  720
0504.png, 1, 1  16 , 556  720
0505.png, 1, 1  36 , 558  720
0506.png, 1, 1  20 , 564  720
0507.png, 1, 30  560
0508.png, 1, 120  314
0509.png, 1, 114  382
0510.png, 1, 112  370
0511.png, 1, 54  262
0512.png, 1, 54  254
0513.png, 1, 56  708
0514.png, 1, 1  194 , 550  720
0515.png, 1, 304  686
0516.png, 1, 286  682
0517.png, 1, 1  126 , 582  720
0518.png, 1, 1  128 , 562  720
0519.png, 1, 1  116 , 650  720
0520.png, 1, 1  120 , 408  720
0521.png, 1, 1  144 , 696  720, 398  562
0522.png, 1, 20  262
0523.png, 1, 180  362
0524.png, 1, 1  152 , 584  720
0525.png, 1, 110  314
0526.png, 1, 104  316
0527.png, 1, 104  336
0528.png, 1, 98  316
0529.png, 1, 4  288
0530.png, 1, 4  262
0531.png, 1, 1  76 , 590  720
0532.png, 1, 1  62 , 312  720
0533.png, 1, 1  60 , 306  720
0534.png, 1, 1  120 , 474  720
0535.png, 1, 1  140 , 482  720
0536.png, 1, 1  190 , 500  720
0537.png, 1, 1  8 , 354  720
0538.png, 1, 1  34 , 366  720
0539.png, 1, 1  160 , 694  720, 210  262
0540.png, 1, 48  178, 218  262
0541.png, 1, 40  258, 464  524
0542.png, 1, 36  270
0543.png, 1, 34  258
0544.png, 1, 22  248
0545.png, 1, 68  284
0546.png, 1, 60  292
0547.png, 1, 1  100 , 268  720
0548.png, 1, 1  88 , 590  720
0549.png, 1, 1  94 , 480  720
0550.png, 1, 1  106 , 634  720
0551.png, 1, 1  108 , 538  720
0552.png, 1, 1  60 , 230  720
0553.png, 1, 1  18 , 248  720
0554.png, 1, 250  716
0555.png, 1, 1  56 , 592  720
0556.png, 1, 1  76 , 576  720
0557.png, 1, 1  76 , 576  720
0558.png, 1, 1  68 , 562  720
0559.png, 1, 1  66 , 574  720
0560.png, 1, 1  54 , 560  720
0561.png, 1, 1  58 , 598  720
0562.png, 1, 86  362
0563.png, 1, 68  356
0564.png, 1, 122  362
0565.png, 1, 106  368
0566.png, 1, 98  370
0567.png, 1, 76  368
0568.png, 1, 70  326
0569.png, 1, 64  346
0570.png, 1, 64  350
0571.png, 1, 54  360
0572.png, 1, 58  356
0573.png, 1, 46  372
0574.png, 1, 54  338
0575.png, 1, 62  320
0576.png, 1, 1  218 , 528  720
0577.png, 1, 1  186 , 540  720
0578.png, 1, 1  176 , 570  720
0579.png, 1, 1  158 , 650  720
0580.png, 1, 416  704
0581.png, 1, 1  10 , 406  720
0582.png, 1, 1  20 , 392  720
0583.png, 1, 1  42 , 392  720
0584.png, 1, 1  50 , 380  720
0585.png, 1, 1  54 , 374  720
0586.png, 1, 1  58 , 360  720
0587.png, 1, 1  74 , 360  720
0588.png, 1, 1  80 , 360  720
0589.png, 1, 1  84 , 364  720
0590.png, 1, 1  120 , 332  720
0591.png, 1, 1  142 , 328  720
0592.png, 1, 1  144 , 392  720
0593.png, 1, 1  150 , 528  720
0594.png, 1, 274  402, 18  130
0595.png, 1, 10  132, 280  404
0596.png, 1, 1  142 , 668  720
0597.png, 1, 114  444
0598.png, 1, 102  416
0599.png, 1, 132  472
0600.png, 1, 230  458
0601.png, 1, 242  464
0602.png, 1, 12  238
0603.png, 1, 1  312 , 718  720
0604.png, 1, 1  312 , 714  720
0605.png, 1, 1  328 , 708  720
0606.png, 1, 1  336 , 698  720
0607.png, 1, 1  348 , 698  720
0608.png, 1, 1  356 , 688  720
0609.png, 1, 1  370 , 682  720
0610.png, 1, 1  370 , 678  720
0611.png, 1, 1  378 , 678  720
0612.png, 1, 1  388 , 676  720
0613.png, 1, 1  388 , 674  720
0614.png, 1, 1  418 , 696  720
0615.png, 1, 106  430
0616.png, 1, 1  302 , 358  720
0617.png, 1, 1  300 , 356  720
0618.png, 1, 1  134 , 670  720
0619.png, 1, 1  136 , 666  720
0620.png, 1, 1  66 , 602  720
0621.png, 1, 176  374
0622.png, 1, 174  368
0623.png, 1, 168  362
0624.png, 1, 172  348
0625.png, 1, 168  360
0626.png, 1, 174  356
0627.png, 1, 180  354
0628.png, 1, 180  364
0629.png, 1, 196  374
0630.png, 1, 192  376
0631.png, 1, 104  618
0632.png, 1, 108  610
0633.png, 1, 112  602
0634.png, 1, 110  606
0635.png, 1, 1  90 , 610  720
0636.png, 1, 1  94 , 600  720
0637.png, 1, 1  92 , 602  720
0638.png, 1, 1  66 , 594  720
0639.png, 1, 1  62 , 558  720
0640.png, 1, 438  646
0641.png, 1, 456  650
0642.png, 1, 462  662
0643.png, 1, 408  714
0644.png, 1, 1  166 , 610  720
0645.png, 1, 1  38 , 614  720, 116  178
0646.png, 1, 1  68 , 614  720, 274  346
0647.png, 1, 1  148 , 576  720
0648.png, 1, 1  154 , 596  720
0649.png, 1, 1  142 , 582  720
0650.png, 1, 1  118 , 564  720
0651.png, 1, 1  48 , 576  720
0652.png, 1, 1  116 , 548  720
0653.png, 1, 1  108 , 536  720
0654.png, 1, 1  102 , 526  720
0655.png, 1, 1  184 , 592  720
0656.png, 1, 1  190 , 586  720
0657.png, 1, 1  190 , 588  720
0658.png, 1, 1  186 , 590  720
0659.png, 1, 1  178 , 588  720, 314  402
0660.png, 1, 1  182 , 588  720
0661.png, 1, 1  180 , 586  720
0662.png, 1, 1  178 , 588  720
0663.png, 1, 1  184 , 594  720
0664.png, 1, 1  172 , 596  720
0665.png, 1, 1  170 , 598  720
0666.png, 1, 1  400 , 596  720
0667.png, 1, 1  392 , 598  720
0668.png, 1, 1  392 , 598  720
0669.png, 1, 1  368 , 594  720
0670.png, 1, 1  362 , 596  720
0671.png, 1, 1  352 , 596  720
0672.png, 1, 1  308 , 598  720
0673.png, 1, 1  300 , 596  720
0674.png, 1, 1  212 , 598  720
0675.png, 1, 1  246 , 598  720
0676.png, 1, 1  410 , 552  720
0677.png, 1, 1  440 , 548  720
0678.png, 1, 1  432 , 544  720
0679.png, 1, 1  418 , 542  720
0680.png, 1, 1  116 , 542  720
0681.png, 1, 1  80 , 548  720
0682.png, 1, 1  74 , 576  720
0683.png, 1, 1  74 , 586  720
0684.png, 1, 114  482
0685.png, 1, 124  470
0686.png, 1, 462  690
0687.png, 1, 472  700
0688.png, 1, 1  8 , 482  720
0689.png, 1, 1  180 , 226  720
0690.png, 1, 1  186 , 230  720
0691.png, 1, 1  188 , 232  720
0692.png, 1, 1  206 , 298  720
0693.png, 1, 1  204 , 242  720
0694.png, 1, 1  210 , 244  720
0695.png, 1, 1  208 , 238  720
0696.png, 1, 1  208 , 246  720
0697.png, 1, 1  202 , 288  720
0698.png, 1, 1  198 , 298  720
0699.png, 1, 1  188 , 302  720
0700.png, 1, 180  308
0701.png, 1, 1  178 , 324  720
0702.png, 1, 1  176 , 330  720
0703.png, 1, 1  168 , 402  720
0704.png, 1, 1  162 , 396  720
0705.png, 1, 1  144 , 390  720
0706.png, 1, 1  90 , 622  720
0707.png, 1, 1  98 , 618  720
0708.png, 1, 476  680
0709.png, 1, 482  668
0710.png, 1, 436  672
0711.png, 1, 438  666
0712.png, 1, 436  670
0713.png, 1, 440  672
0714.png, 1, 440  670
0715.png, 1, 438  672
0716.png, 1, 436  676
0717.png, 1, 422  634
0718.png, 1, 422  626
0719.png, 1, 428  630
0720.png, 1, 418  634
0721.png, 1, 200  338
0722.png, 1, 194  394
0723.png, 1, 196  382
0724.png, 1, 1  396 , 468  720
0725.png, 1, 1  284 , 456  720
0726.png, 1, 1  220 , 454  720
0727.png, 1, 1  220 , 464  720
0728.png, 1, 1  220 , 454  720
0729.png, 1, 1  222 , 440  720
0730.png, 1, 1  50 , 212  720
0731.png, 1, 1  40 , 442  720
0732.png, 1, 32  238
0733.png, 1, 20  222
0734.png, 1, 18  220
0735.png, 1, 8  226
0736.png, 1, 10  230
0737.png, 1, 4  234
0738.png, 1, 432  666
0739.png, 1, 416  660
0740.png, 1, 1  194 , 666  720
0741.png, 1, 1  186 , 662  720
0742.png, 1, 1  190 , 664  720
0743.png, 1, 1  192 , 668  720
0744.png, 1, 316  582
0745.png, 1, 306  588
0746.png, 1, 306  624
0747.png, 1, 292  618
0748.png, 1, 554  556
0749.png, 1, 1  720
0750.png, 1, 1  720
0751.png, 1, 16  206
0752.png, 1, 1  214 , 718  720
0753.png, 1, 1  206
0754.png, 1, 1  226 , 708  720
0755.png, 1, 1  242 , 704  720
0756.png, 1, 10  202
0757.png, 1, 286  546
0758.png, 1, 530  716
0759.png, 1, 534  714
0760.png, 1, 508  706
0761.png, 1, 1  182
0762.png, 1, 1  168 , 696  720
0763.png, 1, 1  176 , 684  720
0764.png, 1, 1  188 , 676  720
0765.png, 1, 368  708
0766.png, 1, 1  6 , 372  720
0767.png, 1, 1  2 , 364  720
0768.png, 1, 1  42 , 374  720
0769.png, 1, 1  16 , 368  720
0770.png, 1, 1  22 , 366  720
0771.png, 1, 1  16 , 358  720
0772.png, 1, 1  46 , 376  720
0773.png, 1, 1  10 , 380  720
0774.png, 1, 1  8 , 384  720
0775.png, 1, 1  6 , 382  720
0776.png, 1, 1  10 , 382  720
0777.png, 1, 1  12 , 378  720
0778.png, 1, 1  12 , 374  720
0779.png, 1, 1  16 , 370  720
0780.png, 1, 1  20 , 436  720
0781.png, 1, 1  20 , 470  720
0782.png, 1, 1  18 , 446  720
0783.png, 1, 1  16 , 534  720, 190  312
0784.png, 1, 1  2 , 102  720
0785.png, 1, 1  14 , 98  720
0786.png, 1, 1  20 , 94  720
0787.png, 1, 1  24 , 98  720
0788.png, 1, 98  350
0789.png, 1, 100  284
0790.png, 1, 1  228 , 564  720
0791.png, 1, 1  182 , 534  720
0792.png, 1, 1  182 , 554  720
0793.png, 1, 1  344 , 614  720
0794.png, 1, 1  448 , 584  720
0795.png, 1, 1  446 , 578  720
0796.png, 1, 1  484 , 664  720
0797.png, 1, 1  480 , 664  720
0798.png, 1, 1  482 , 664  720
0799.png, 1, 1  480 , 668  720
0800.png, 1, 1  468 , 666  720
0801.png, 1, 1  472 , 680  720
0802.png, 1, 1  466 , 684  720
0803.png, 1, 30  460
0804.png, 1, 42  442
0805.png, 1, 1  536 , 690  720
0806.png, 1, 1  538 , 690  720
0807.png, 1, 1  530 , 688  720
0808.png, 1, 1  528 , 690  720
0809.png, 1, 1  524 , 684  720
0810.png, 1, 1  516 , 684  720
0811.png, 1, 1  512 , 682  720
0812.png, 1, 1  508 , 684  720
0813.png, 1, 1  504 , 686  720
0814.png, 1, 1  402 , 692  720
0815.png, 1, 1  394 , 692  720
0816.png, 1, 1  168 , 574  720
0817.png, 1, 1  170 , 552  720
0818.png, 1, 1  166 , 556  720
0819.png, 1, 1  160 , 592  720
0820.png, 1, 1  162 , 618  720
0821.png, 1, 1  170 , 622  720
0822.png, 1, 1  170 , 584  720
0823.png, 1, 1  166 , 562  720
0824.png, 1, 1  170 , 558  720
0825.png, 1, 1  162 , 576  720
0826.png, 1, 1  156 , 574  720
0827.png, 1, 1  158 , 566  720
0828.png, 1, 1  150 , 568  720
0829.png, 1, 1  166 , 568  720
0830.png, 1, 1  172 , 556  720
0831.png, 1, 1  188 , 558  720
0832.png, 1, 1  190 , 546  720
0833.png, 1, 1  184 , 550  720
0834.png, 1, 1  192 , 538  720
0835.png, 1, 1  192 , 552  720
0836.png, 1, 1  182 , 552  720
0837.png, 1, 1  180 , 554  720
0838.png, 1, 1  180 , 556  720
0839.png, 1, 1  184 , 552  720
0840.png, 1, 1  170 , 544  720
0841.png, 1, 1  174 , 540  720
0842.png, 1, 1  174 , 538  720
0843.png, 1, 1  160 , 536  720
0844.png, 1, 1  156 , 536  720
0845.png, 1, 1  172 , 532  720
0846.png, 1, 1  178 , 526  720
0847.png, 1, 1  158 , 518  720
0848.png, 1, 82  458
0849.png, 1, 10  530
0850.png, 1, 16  330
0851.png, 1, 1  334 , 718  720
0852.png, 1, 1  378 , 690  720
0853.png, 1, 1  388 , 680  720
0854.png, 1, 1  396 , 678  720
0855.png, 1, 1  402 , 674  720
0856.png, 1, 1  400 , 690  720
0857.png, 1, 1  400 , 702  720
0858.png, 1, 1  400
0859.png, 1, 1  394 , 716  720
0860.png, 1, 1  398 , 712  720
0861.png, 1, 1  398 , 712  720
0862.png, 1, 1  364 , 714  720
0863.png, 1, 4  360
0864.png, 1, 8  348
0865.png, 1, 1  314 , 698  720
0866.png, 1, 1  312 , 696  720
0867.png, 1, 1  364 , 710  720
0868.png, 1, 48  368
0869.png, 1, 1  172 , 692  720
0870.png, 1, 1  180 , 694  720
0871.png, 1, 1  170 , 694  720
0872.png, 1, 34  404
0873.png, 1, 50  402
0874.png, 1, 1  720
0875.png, 1, 598  600
0876.png, 1, 300  626
0877.png, 1, 1  154 , 584  720
0878.png, 1, 1  140 , 582  720
0879.png, 1, 1  156 , 628  720
0880.png, 1, 1  162 , 624  720
0881.png, 1, 214  500
0882.png, 1, 1  424 , 700  720
0883.png, 1, 352  652
0884.png, 1, 130  516
0885.png, 1, 366  698
0886.png, 1, 310  702
0887.png, 1, 306  710
0888.png, 1, 144  708
0889.png, 1, 1  120 , 706  720
0890.png, 1, 112  712
0891.png, 1, 102  720
0892.png, 1, 190  374
0893.png, 1, 172  378
0894.png, 1, 174  384
0895.png, 1, 162  382
0896.png, 1, 162  384
0897.png, 1, 174  392
0898.png, 1, 338  518
0899.png, 1, 296  512
0900.png, 1, 302  520
0901.png, 1, 300  526
0902.png, 1, 294  528
0903.png, 1, 282  526
0904.png, 1, 292  532
0905.png, 1, 318  526
0906.png, 1, 304  526
0907.png, 1, 340  528
0908.png, 1, 340  534
0909.png, 1, 142  644
0910.png, 1, 132  252, 466  642
0911.png, 1, 1  36 , 552  720
0912.png, 1, 1  4 , 518  720
0913.png, 1, 1  48 , 546  720
0914.png, 1, 472  668
0915.png, 1, 468  660
0916.png, 1, 12  198
0917.png, 1, 10  192
0918.png, 1, 6  186
0919.png, 1, 1  136 , 434  720
0920.png, 1, 1  144 , 454  720
0921.png, 1, 1  144 , 436  720
0922.png, 1, 1  38 , 416  720
0923.png, 1, 1  48 , 416  720
0924.png, 1, 1  86 , 416  720
0925.png, 1, 186  538
0926.png, 1, 206  522
0927.png, 1, 444  492, 220  404
0928.png, 1, 436  484, 228  388
0929.png, 1, 1  82 , 340  720
0930.png, 1, 1  76 , 360  720
0931.png, 1, 1  62 , 388  720
0932.png, 1, 1  90 , 394  720
0933.png, 1, 172  578
0934.png, 1, 180  574
0935.png, 1, 180  544
0936.png, 1, 180  534
0937.png, 1, 180  512
0938.png, 1, 448  708
0939.png, 1, 444  710
0940.png, 1, 436  694
0941.png, 1, 434  700
0942.png, 1, 520  716
0943.png, 1, 522  708
0944.png, 1, 508  720
0945.png, 1, 490  712
0946.png, 1, 506  710
0947.png, 1, 464  696
0948.png, 1, 446  672
0949.png, 1, 76  302
0950.png, 1, 90  310
0951.png, 1, 92  326
0952.png, 1, 102  336
0953.png, 1, 130  348
0954.png, 1, 164  354
0955.png, 1, 188  374
0956.png, 1, 180  378
0957.png, 1, 192  380
0958.png, 1, 202  380
0959.png, 1, 180  372
0960.png, 1, 1  60 , 542  720, 228  368
0961.png, 1, 174  380, 1  74 , 548  720
0962.png, 1, 168  392, 1  62 , 552  720
0963.png, 1, 196  388, 1  72 , 560  720
0964.png, 1, 1  84 , 580  720
0965.png, 1, 118  346
0966.png, 1, 118  362
0967.png, 1, 110  372
0968.png, 1, 108  372
0969.png, 1, 98  374
0970.png, 1, 52  416
0971.png, 1, 52  418
0972.png, 1, 50  412
0973.png, 1, 52  246
0974.png, 1, 52  248
0975.png, 1, 78  554
0976.png, 1, 1  186 , 692  720
0977.png, 1, 1  184 , 694  720
0978.png, 1, 1  186 , 686  720
0979.png, 1, 1  20 , 298  720
0980.png, 1, 1  20 , 290  720
0981.png, 1, 1  26 , 290  720
0982.png, 1, 1  32 , 308  720
0983.png, 1, 1  28 , 318  720
0984.png, 1, 1  30 , 306  720
0985.png, 1, 1  38 , 300  720
0986.png, 1, 1  16 , 334  720
0987.png, 1, 272  580
0988.png, 1, 254  544
0989.png, 1, 250  572
0990.png, 1, 1  560 , 698  720
0991.png, 1, 138  520
0992.png, 1, 144  514
0993.png, 1, 148  520
0994.png, 1, 210  504
0995.png, 1, 212  510
0996.png, 1, 218  508
0997.png, 1, 226  472
0998.png, 1, 232  522
0999.png, 1, 262  720
1000.png, 1, 116  572
1001.png, 0
1002.png, 0
1003.png, 0
1004.png, 0
1005.png, 0
1006.png, 0
1007.png, 0
1008.png, 0
1009.png, 0
1010.png, 0
1011.png, 0
1012.png, 0
1013.png, 0
1014.png, 0
1015.png, 0
1016.png, 0
1017.png, 0
1018.png, 0
1019.png, 0
1020.png, 0
1021.png, 0
1022.png, 0
1023.png, 0
1024.png, 0
1025.png, 0
1026.png, 0
1027.png, 0
1028.png, 0
1029.png, 0
1030.png, 0
1031.png, 0
1032.png, 0
1033.png, 0
1034.png, 0
1035.png, 0
1036.png, 0
1037.png, 0
1038.png, 0
1039.png, 0
1040.png, 0
1041.png, 0
1042.png, 0
1043.png, 0
1044.png, 0
1045.png, 0
1046.png, 0
1047.png, 0
1048.png, 0
1049.png, 0
1050.png, 0
1051.png, 0
1052.png, 0
1053.png, 0
1054.png, 0
1055.png, 0
1056.png, 0
1057.png, 0
1058.png, 0
1059.png, 0
1060.png, 0
1061.png, 0
1062.png, 0
1063.png, 0
1064.png, 0
1065.png, 0
1066.png, 0
1067.png, 0
1068.png, 0
1069.png, 0
1070.png, 0
1071.png, 0
1072.png, 0
1073.png, 0
1074.png, 0
1075.png, 0
1076.png, 0
1077.png, 0
1078.png, 0
1079.png, 0
1080.png, 0
1081.png, 0
1082.png, 0
1083.png, 0
1084.png, 0
1085.png, 0
1086.png, 0
1087.png, 0
1088.png, 0
1089.png, 0
1090.png, 0
1091.png, 0
1092.png, 0
1093.png, 0
1094.png, 0
1095.png, 0
1096.png, 0
1097.png, 0
1098.png, 0
1099.png, 0
1100.png, 0
1101.png, 0
1102.png, 0
1103.png, 0
1104.png, 0
1105.png, 0
1106.png, 0
1107.png, 0
1108.png, 0
1109.png, 0
1110.png, 0
1111.png, 0
1112.png, 0
1113.png, 0
1114.png, 0
1115.png, 0
1116.png, 0
1117.png, 0
1118.png, 0
1119.png, 0
1120.png, 0
1121.png, 0
1122.png, 0
1123.png, 0
1124.png, 0
1125.png, 0
1126.png, 0
1127.png, 0
1128.png, 0
1129.png, 0
1130.png, 0
1131.png, 0
1132.png, 0
1133.png, 0
1134.png, 0
1135.png, 0
1136.png, 0
1137.png, 0
1138.png, 0
1139.png, 0
1140.png, 0
1141.png, 0
1142.png, 0
1143.png, 0
1144.png, 0
1145.png, 0
1146.png, 0
1147.png, 0
1148.png, 0
1149.png, 0
1150.png, 0
1151.png, 0
1152.png, 0
1153.png, 0
1154.png, 0
1155.png, 0
1156.png, 0
1157.png, 0
1158.png, 0
1159.png, 0
1160.png, 0
1161.png, 0
1162.png, 0
1163.png, 0
1164.png, 0
1165.png, 0
1166.png, 0
1167.png, 0
1168.png, 0
1169.png, 0
1170.png, 0
1171.png, 0
1172.png, 0
1173.png, 0
1174.png, 0
1175.png, 0
1176.png, 0
1177.png, 0
1178.png, 0
1179.png, 0
1180.png, 0
1181.png, 0
1182.png, 0
1183.png, 0
1184.png, 0
1185.png, 0
1186.png, 0
1187.png, 0
1188.png, 0
1189.png, 0
1190.png, 0
1191.png, 0
1192.png, 0
1193.png, 0
1194.png, 0
1195.png, 0
1196.png, 0
1197.png, 0
1198.png, 0
1199.png, 0
1200.png, 0
1201.png, 0
1202.png, 0
1203.png, 0
1204.png, 0
1205.png, 0
1206.png, 0
1207.png, 0
1208.png, 0
1209.png, 0
1210.png, 0
1211.png, 0
1212.png, 0
1213.png, 0
1214.png, 0
1215.png, 0
1216.png, 0
1217.png, 0
1218.png, 0
1219.png, 0
1220.png, 0
1221.png, 0
1222.png, 0
1223.png, 0
1224.png, 0
1225.png, 0
1226.png, 0
1227.png, 0
1228.png, 0
1229.png, 0
1230.png, 0
1231.png, 0
1232.png, 0
1233.png, 0
1234.png, 0
1235.png, 0
1236.png, 0
1237.png, 0
1238.png, 0
1239.png, 0
1240.png, 0
1241.png, 0
1242.png, 0
1243.png, 0
1244.png, 0
1245.png, 0
1246.png, 0
1247.png, 0
1248.png, 0
1249.png, 0
1250.png, 0
1251.png, 0
1252.png, 0
1253.png, 0
1254.png, 0
1255.png, 0
1256.png, 0
1257.png, 0
1258.png, 0
1259.png, 0
1260.png, 0
1261.png, 0
1262.png, 0
1263.png, 0
1264.png, 0
1265.png, 0
1266.png, 0
1267.png, 0
1268.png, 0
1269.png, 0
1270.png, 0
1271.png, 0
1272.png, 0
1273.png, 0
1274.png, 0
1275.png, 0
1276.png, 0
1277.png, 0
1278.png, 0
1279.png, 0
1280.png, 0
1281.png, 0
1282.png, 0
1283.png, 0
1284.png, 0
1285.png, 0
1286.png, 0
1287.png, 0
1288.png, 0
1289.png, 0
1290.png, 0
1291.png, 0
1292.png, 0
1293.png, 0
1294.png, 0
1295.png, 0
1296.png, 0
1297.png, 0
1298.png, 0
1299.png, 0
1300.png, 0
1301.png, 0
1302.png, 0
1303.png, 0
1304.png, 0
1305.png, 0
1306.png, 0
1307.png, 0
1308.png, 0
1309.png, 0
1310.png, 0
1311.png, 0
1312.png, 0
1313.png, 0
1314.png, 0
1315.png, 0
1316.png, 0
1317.png, 0
1318.png, 0
1319.png, 0
1320.png, 0
1321.png, 0
1322.png, 0
1323.png, 0
1324.png, 0
1325.png, 0
1326.png, 0
1327.png, 0
1328.png, 0
1329.png, 0
1330.png, 0
1331.png, 0
1332.png, 0
1333.png, 0
1334.png, 0
1335.png, 0
1336.png, 0
1337.png, 0
1338.png, 0
1339.png, 0
1340.png, 0
1341.png, 0
1342.png, 0
1343.png, 0
1344.png, 0
1345.png, 0
1346.png, 0
1347.png, 0
1348.png, 0
1349.png, 0
1350.png, 0
1351.png, 0
1352.png, 0
1353.png, 0
1354.png, 0
1355.png, 0
1356.png, 0
1357.png, 0
1358.png, 0
1359.png, 0
1360.png, 0
1361.png, 0
1362.png, 0
1363.png, 0
1364.png, 0
1365.png, 0
1366.png, 0
1367.png, 0
1368.png, 0
1369.png, 0
1370.png, 0
1371.png, 0
1372.png, 0
1373.png, 0
1374.png, 0
1375.png, 0
1376.png, 0
1377.png, 0
1378.png, 0
1379.png, 0
1380.png, 0
1381.png, 0
1382.png, 0
1383.png, 0
1384.png, 0
1385.png, 0
1386.png, 0
1387.png, 0
1388.png, 0
1389.png, 0
1390.png, 0
1391.png, 0
1392.png, 0
1393.png, 0
1394.png, 0
1395.png, 0
1396.png, 0
1397.png, 0
1398.png, 0
1399.png, 0
1400.png, 0
1401.png, 0
1402.png, 0
1403.png, 0
1404.png, 0
1405.png, 0
1406.png, 0
1407.png, 0
1408.png, 0
1409.png, 0
1410.png, 0
1411.png, 0
1412.png, 0
1413.png, 0
1414.png, 0
1415.png, 0
1416.png, 0
1417.png, 0
1418.png, 0
1419.png, 0
1420.png, 0
1421.png, 0
1422.png, 0
1423.png, 0
1424.png, 0
1425.png, 0
1426.png, 0
1427.png, 0
1428.png, 0
1429.png, 0
1430.png, 0
1431.png, 0
1432.png, 0
1433.png, 0
1434.png, 0
1435.png, 0
1436.png, 0
1437.png, 0
1438.png, 0
1439.png, 0
1440.png, 0
1441.png, 0
1442.png, 0
1443.png, 0
1444.png, 0
1445.png, 0
1446.png, 0
1447.png, 0
1448.png, 0
1449.png, 0
1450.png, 0
1451.png, 0
1452.png, 0
1453.png, 0
1454.png, 0
1455.png, 0
1456.png, 0
1457.png, 0
1458.png, 0
1459.png, 0
1460.png, 0
1461.png, 0
1462.png, 0
1463.png, 0
1464.png, 0
1465.png, 0
1466.png, 0
1467.png, 0
1468.png, 0
1469.png, 0
1470.png, 0
1471.png, 0
1472.png, 0
1473.png, 0
1474.png, 0
1475.png, 0
1476.png, 0
1477.png, 0
1478.png, 0
1479.png, 0
1480.png, 0
1481.png, 0
1482.png, 0
1483.png, 0
1484.png, 0
1485.png, 0
1486.png, 0
1487.png, 0
1488.png, 0
1489.png, 0
1490.png, 0
1491.png, 0
1492.png, 0
1493.png, 0
1494.png, 0
1495.png, 0
1496.png, 0
1497.png, 0
1498.png, 0
1499.png, 0
1500.png, 0
1501.png, 0
1502.png, 0
1503.png, 0
1504.png, 0
1505.png, 0
1506.png, 0
1507.png, 0
1508.png, 0
1509.png, 0
1510.png, 0
1511.png, 0
1512.png, 0
1513.png, 0
1514.png, 0
1515.png, 0
1516.png, 0
1517.png, 0
1518.png, 0
1519.png, 0
1520.png, 0
1521.png, 0
1522.png, 0
1523.png, 0
1524.png, 0
1525.png, 0
1526.png, 0
1527.png, 0
1528.png, 0
1529.png, 0
1530.png, 0
1531.png, 0
1532.png, 0
1533.png, 0
1534.png, 0
1535.png, 0
1536.png, 0
1537.png, 0
1538.png, 0
1539.png, 0
1540.png, 0
1541.png, 0
1542.png, 0
1543.png, 0
1544.png, 0
1545.png, 0
1546.png, 0
1547.png, 0
1548.png, 0
1549.png, 0
1550.png, 0
1551.png, 0
1552.png, 0
1553.png, 0
1554.png, 0
1555.png, 0
1556.png, 0
1557.png, 0
1558.png, 0
1559.png, 0
1560.png, 0
1561.png, 0
1562.png, 0
1563.png, 0
1564.png, 0
1565.png, 0
1566.png, 0
1567.png, 0
1568.png, 0
1569.png, 0
1570.png, 0
1571.png, 0
1572.png, 0
1573.png, 0
1574.png, 0
1575.png, 0
1576.png, 0
1577.png, 0
1578.png, 0
1579.png, 0
1580.png, 0
1581.png, 0
1582.png, 0
1583.png, 0
1584.png, 0
1585.png, 0
1586.png, 0
1587.png, 0
1588.png, 0
1589.png, 0
1590.png, 0
1591.png, 0
1592.png, 0
1593.png, 0
1594.png, 0
1595.png, 0
1596.png, 0
1597.png, 0
1598.png, 0
1599.png, 0
1600.png, 0
1601.png, 0
1602.png, 0
1603.png, 0
1604.png, 0
1605.png, 0
1606.png, 0
1607.png, 0
1608.png, 0
1609.png, 0
1610.png, 0
1611.png, 0
1612.png, 0
1613.png, 0
1614.png, 0
1615.png, 0
1616.png, 0
1617.png, 0
1618.png, 0
1619.png, 0
1620.png, 0
1621.png, 0
1622.png, 0
1623.png, 0
1624.png, 0
1625.png, 0
1626.png, 0
1627.png, 0
1628.png, 0
1629.png, 0
1630.png, 0
1631.png, 0
1632.png, 0
1633.png, 0
1634.png, 0
1635.png, 0
1636.png, 0
1637.png, 0
1638.png, 0
1639.png, 0
1640.png, 0
1641.png, 0
1642.png, 0
1643.png, 0
1644.png, 0
1645.png, 0
1646.png, 0
1647.png, 0
1648.png, 0
1649.png, 0
1650.png, 0
1651.png, 0
1652.png, 0
1653.png, 0
1654.png, 0
1655.png, 0
1656.png, 0
1657.png, 0
1658.png, 0
1659.png, 0
1660.png, 0
1661.png, 0
1662.png, 0
1663.png, 0
1664.png, 0
1665.png, 0
1666.png, 0
1667.png, 0
1668.png, 0
1669.png, 0
1670.png, 0
1671.png, 0
1672.png, 0
1673.png, 0
1674.png, 0
1675.png, 0
1676.png, 0
1677.png, 0
1678.png, 0
1679.png, 0
1680.png, 0
1681.png, 0
1682.png, 0
1683.png, 0
1684.png, 0
1685.png, 0
1686.png, 0
1687.png, 0
1688.png, 0
1689.png, 0
1690.png, 0
1691.png, 0
1692.png, 0
1693.png, 0
1694.png, 0
1695.png, 0
1696.png, 0
1697.png, 0
1698.png, 0
1699.png, 0
1700.png, 0
1701.png, 0
1702.png, 0
1703.png, 0
1704.png, 0
1705.png, 0
1706.png, 0
1707.png, 0
1708.png, 0
1709.png, 0
1710.png, 0
1711.png, 0
1712.png, 0
1713.png, 0
1714.png, 0
1715.png, 0
1716.png, 0
1717.png, 0
1718.png, 0
1719.png, 0
1720.png, 0
1721.png, 0
1722.png, 0
1723.png, 0
1724.png, 0
1725.png, 0
1726.png, 0
1727.png, 0
1728.png, 0
1729.png, 0
1730.png, 0
1731.png, 0
1732.png, 0
1733.png, 0
1734.png, 0
1735.png, 0
1736.png, 0
1737.png, 0
1738.png, 0
1739.png, 0
1740.png, 0
1741.png, 0
1742.png, 0
1743.png, 0
1744.png, 0
1745.png, 0
1746.png, 0
1747.png, 0
1748.png, 0
1749.png, 0
1750.png, 0
1751.png, 0
1752.png, 0
1753.png, 0
1754.png, 0
1755.png, 0
1756.png, 0
1757.png, 0
1758.png, 0
1759.png, 0
1760.png, 0
1761.png, 0
1762.png, 0
1763.png, 0
1764.png, 0
1765.png, 0
1766.png, 0
1767.png, 0
1768.png, 0
1769.png, 0
1770.png, 0
1771.png, 0
1772.png, 0
1773.png, 0
1774.png, 0
1775.png, 0
1776.png, 0
1777.png, 0
1778.png, 0
1779.png, 0
1780.png, 0
1781.png, 0
1782.png, 0
1783.png, 0
1784.png, 0
1785.png, 0
1786.png, 0
1787.png, 0
1788.png, 0
1789.png, 0
1790.png, 0
1791.png, 0
1792.png, 0
1793.png, 0
1794.png, 0
1795.png, 0
1796.png, 0
1797.png, 0
1798.png, 0
1799.png, 0
1800.png, 0
1801.png, 0
1802.png, 0
1803.png, 0
1804.png, 0
1805.png, 0
1806.png, 0
1807.png, 0
1808.png, 0
1809.png, 0
1810.png, 0
1811.png, 0
1812.png, 0
1813.png, 0
1814.png, 0
1815.png, 0
1816.png, 0
1817.png, 0
1818.png, 0
1819.png, 0
1820.png, 0
1821.png, 0
1822.png, 0
1823.png, 0
1824.png, 0
1825.png, 0
1826.png, 0
1827.png, 0
1828.png, 0
1829.png, 0
1830.png, 0
1831.png, 0
1832.png, 0
1833.png, 0
1834.png, 0
1835.png, 0
1836.png, 0
1837.png, 0
1838.png, 0
1839.png, 0
1840.png, 0
1841.png, 0
1842.png, 0
1843.png, 0
1844.png, 0
1845.png, 0
1846.png, 0
1847.png, 0
1848.png, 0
1849.png, 0
1850.png, 0
1851.png, 0
1852.png, 0
1853.png, 0
1854.png, 0
1855.png, 0
1856.png, 0
1857.png, 0
1858.png, 0
1859.png, 0
1860.png, 0
1861.png, 0
1862.png, 0
1863.png, 0
1864.png, 0
1865.png, 0
1866.png, 0
1867.png, 0
1868.png, 0
1869.png, 0
1870.png, 0
1871.png, 0
1872.png, 0
1873.png, 0
1874.png, 0
1875.png, 0
1876.png, 0
1877.png, 0
1878.png, 0
1879.png, 0
1880.png, 0
1881.png, 0
1882.png, 0
1883.png, 0
1884.png, 0
1885.png, 0
1886.png, 0
1887.png, 0
1888.png, 0
1889.png, 0
1890.png, 0
1891.png, 0
1892.png, 0
1893.png, 0
1894.png, 0
1895.png, 0
1896.png, 0
1897.png, 0
1898.png, 0
1899.png, 0
1900.png, 0
1901.png, 0
1902.png, 0
1903.png, 0
1904.png, 0
1905.png, 0
1906.png, 0
1907.png, 0
1908.png, 0
1909.png, 0
1910.png, 0
1911.png, 0
1912.png, 0
1913.png, 0
1914.png, 0
1915.png, 0
1916.png, 0
1917.png, 0
1918.png, 0
1919.png, 0
1920.png, 0
1921.png, 0
1922.png, 0
1923.png, 0
1924.png, 0
1925.png, 0
1926.png, 0
1927.png, 0
1928.png, 0
1929.png, 0
1930.png, 0
1931.png, 0
1932.png, 0
1933.png, 0
1934.png, 0
1935.png, 0
1936.png, 0
1937.png, 0
1938.png, 0
1939.png, 0
1940.png, 0
1941.png, 0
1942.png, 0
1943.png, 0
1944.png, 0
1945.png, 0
1946.png, 0
1947.png, 0
1948.png, 0
1949.png, 0
1950.png, 0
1951.png, 0
1952.png, 0
1953.png, 0
1954.png, 0
1955.png, 0
1956.png, 0
1957.png, 0
1958.png, 0
1959.png, 0
1960.png, 0
1961.png, 0
1962.png, 0
1963.png, 0
1964.png, 0
1965.png, 0
1966.png, 0
1967.png, 0
1968.png, 0
1969.png, 0
1970.png, 0
1971.png, 0
1972.png, 0
1973.png, 0
1974.png, 0
1975.png, 0
1976.png, 0
1977.png, 0
1978.png, 0
1979.png, 0
1980.png, 0
1981.png, 0
1982.png, 0
1983.png, 0
1984.png, 0
1985.png, 0
1986.png, 0
1987.png, 0
1988.png, 0
1989.png, 0
1990.png, 0
1991.png, 0
1992.png, 0
1993.png, 0
1994.png, 0
1995.png, 0
1996.png, 0
1997.png, 0
1998.png, 0
1999.png, 0
2000.png, 0
